30,2
28,4
0,388
35,2
0,537
0,536
36,2
34,86
34,85
34,84
32,2
32,6
32,8
32,7
26,2
25,5
25,6
32,4
36,6
39,35
3,2
3,1
3,3
10,109
10,87
10,291
10,303
36,10
36,9
10,173
36,8
10,95
36,7
36,5
36,4
10,185
10,2
10,3
36,3
36,1
35,5
35,4
11,4
11,20
11,8
11,19
35,3
35,1
34,83
34,82
34,81
34,80
34,79
34,78
34,77
34,76
34,75
34,74
34,73
34,72
34,71
34,70
34,69
34,68
9,5
9,1
34,67
34,66
9,7
34,65
9,2
34,64
34,37
34,36
34,35
34,34
34,33
9,3
34,32
34,31
34,30
34,29
34,7
34,6
34,5
34,4
34,3
34,2
34,1
34,0
32,5
8,16
8,18
8,14
8,5
8,4
8,2
8,3
0,318
32,3
32,1
31,4
31,3
31,1
30,4
30,3
30,1
29,5
29,4
29,3
29,1
28,5
28,3
28,1
27,4
27,3
27,1
26,5
26,4
26,3
26,1
25,4
25,3
25,1
20,3
20,2
20,1
